Device 0: GeForce GTX 580
0	201.962391
1	678.206145
2	141.345768
3	334.127595
4	370.270210
5	96.411657
6	106.687349
7	394.549281
8	670.568016
9	224.569963
10	227.924857
11	154.858687
12	176.210927
13	236.895300
14	500.220686
15	564.706786
16	295.809015
17	179.284060
18	186.277140
19	202.411047
20	309.691567
21	450.253997
22	254.554912
23	175.390834
24	334.144747
25	451.955601
26	332.409443
27	276.520226
28	170.639266
29	171.142137
30	373.615444
31	489.795630
32	320.434647
33	255.727788
34	212.522957
35	268.604898
36	404.539781
37	340.234742
38	221.026187
39	236.773400
40	279.547438
41	329.987445
42	378.351906
43	311.024405
44	267.686630
45	292.071573
46	311.829044
47	287.071940
48	271.355956
49	249.154548
50	256.847928
51	341.519990
52	463.514296
53	336.099012
54	213.206979
55	217.582477
56	253.297711
57	300.115818
58	392.581598
59	338.533972
60	258.482989
61	270.675669
62	309.004202
63	317.185906
64	315.828382
65	262.377502
66	255.436773
67	311.071561
68	350.815123
69	329.369297
70	308.294033
71	298.478292
72	270.286468
73	290.735333
74	309.803115
75	312.798661
76	309.379350
77	288.975022
78	274.334881
79	322.417298
80	353.395006
81	315.564458
82	277.391225
83	271.151175
84	262.264973
85	287.681037
86	313.424595
87	342.995854
88	346.997703
89	305.624879
90	257.293118
91	254.874019
92	278.469406
93	315.732161
94	311.894454
95	303.935313
96	311.166500
97	306.573520
98	298.272849
99	281.222002
100	273.393637
101	293.935101
102	318.033053
103	351.451127
104	305.162443
105	308.868444
106	293.746207
107	303.912856
108	313.885259
109	308.702360
110	300.547534
111	280.692171
112	290.678108
113	304.549495
114	314.408191
115	326.973444
116	273.038084
117	272.550591
118	274.001783
119	317.423877
120	337.749676
121	293.270478
122	273.026923
123	291.425041
124	309.165435
125	330.512265
126	321.239279
127	276.258882
128	252.409273
129	279.521744
130	325.263429
131	364.163477
132	343.888847
133	269.774306
134	238.099312
135	246.836969
136	306.651922
137	342.395616
138	348.356826
139	301.878803
140	268.042093
141	258.611132
142	317.106994
143	319.053769
144	331.016624
145	294.976912
146	279.524708
147	272.415300
148	296.067398
149	331.350422
150	322.974819
151	285.206633
152	276.180563
153	289.888788
154	308.480066
155	313.252783
156	323.233676
157	292.834122
158	281.427925
159	294.033663
160	310.316026
161	301.620516
162	289.881442
163	292.571422
164	282.269668
165	309.268979
166	327.729997
167	320.240569
168	290.803567
169	289.625249
170	275.472094
171	309.973746
172	309.800917
173	307.004115
174	312.565406
175	310.369266
176	290.929852
177	285.886867
178	293.233201
179	293.700880
180	318.947054
181	308.951803
182	305.124897
183	276.745878
184	288.433028
185	283.009395
186	312.399993
187	293.896841
188	311.157604
189	288.439864
190	277.629900
191	273.282956
192	308.742980
193	323.089860
194	330.196285
195	284.040551
196	280.021705
197	267.787592
198	310.100982
199	308.098095
200	335.010493
201	304.164111
202	286.286181
203	275.913083
204	295.962116
205	297.024408
206	319.891594
207	307.990466
208	286.911268
209	295.913362
210	297.625270
211	302.820955
212	298.510095
213	278.685999
214	286.169014
215	296.723617
216	306.747028
217	308.277538
218	310.821798
219	293.717067
220	293.290426
221	281.392069
222	297.541235
223	294.744925
224	312.358236
225	291.309382
226	293.646739
227	300.398986
228	294.825265
229	288.723055
230	284.722184
231	286.791795
232	291.502694
233	315.491547
234	310.705200
235	297.621813
236	294.103577
237	300.891976
238	281.932895
239	294.436859
240	296.083721
241	306.264776
242	299.816649
243	315.415290
244	305.213863
245	309.028547
246	292.720302
247	298.784340
248	294.198463
249	297.457830
250	303.901380
251	309.715832
252	312.515170
253	295.558729
254	280.543080
255	271.912479
256	297.848712
257	325.271861
258	302.848063
259	310.226992
260	286.068763
261	300.918474
262	296.868785
263	311.185756
264	309.158628
265	288.028001
266	301.717939
267	286.035677
268	289.562025
269	321.742988
270	314.626816
271	297.760828
272	294.155432
273	279.644525
274	309.043941
275	291.611316
276	324.551658
277	295.388602
278	293.756147
279	316.837857
280	296.687363
281	279.086215
282	304.583655
283	310.259604
284	312.467881
285	302.385401
286	287.065813
287	309.015447
288	301.059476
289	300.719384
290	308.553835
291	287.891782
292	300.344282
293	305.132819
294	290.372902
295	321.591184
296	284.163603
297	296.634812
298	299.302131
299	300.310657
300	322.398924
301	300.512819
302	314.949894
303	300.048778
304	274.043603
305	308.009775
306	318.241300
307	310.113250
308	301.587314
309	299.684122
310	290.876583
311	290.286541
312	299.599152
313	317.598469
314	293.761398
315	298.520642
316	285.474904
317	302.550534
318	318.313633
319	306.061979
320	305.751166
321	303.282852
322	276.700542
323	284.158778
324	291.511414
325	319.351750
326	312.024271
327	288.473317
328	303.590697
329	287.310165
330	293.707797
331	307.657789
332	298.961467
333	301.802037
334	276.369297
335	281.283102
336	298.524223
337	289.824709
338	293.205927
339	299.739527
340	297.475505
341	302.135349
342	302.340592
343	301.210559
344	307.676567
345	303.702785
346	305.282871
347	291.054043
348	306.749069
349	306.848907
350	306.440539
351	282.926508
352	295.646744
353	291.891833
354	303.232836
355	308.095945
356	307.434608
357	283.719787
358	298.172657
359	278.461933
360	288.930842
361	319.410608
362	324.722413
363	297.543197
364	287.295018
365	279.714169
366	300.992702
367	311.915367
368	311.163438
369	288.769144
370	307.295704
371	297.486226
372	307.021505
373	297.562787
374	307.253691
375	291.768956
376	292.965093
377	301.045898
378	284.666814
379	293.063686
380	301.351806
381	301.254085
382	301.882463
383	293.246182
384	299.431007
385	294.393017
386	297.096266
387	291.175403
388	286.534829
389	286.065765
390	287.020218
391	303.560206
392	315.699363
393	310.132004
394	300.121675
395	285.444452
396	324.724515
397	295.912760
398	290.559399
399	287.026293
400	299.178048
401	307.499517
402	300.925917
403	304.324183
404	302.942407
405	308.561424
406	292.589426
407	284.827411
408	291.560171
409	311.499063
410	303.952671
411	305.977658
412	296.872818
413	284.842389
414	295.640179
415	297.849137
416	298.452719
417	284.232964
418	323.181114
419	292.726628
420	283.584841
421	278.757461
422	307.554264
423	301.207601
424	315.415576
425	309.913416
426	304.290362
427	294.757937
428	276.471921
429	290.502369
430	295.332612
431	305.207507
432	312.098799
433	288.317697
434	283.321462
435	295.902844
436	302.075070
437	308.042626
438	309.537183
439	309.410710
440	287.044987
441	285.120912
442	292.370845
443	317.960504
444	309.519530
445	287.597719
446	279.544042
447	300.492803
448	297.792636
449	321.865635
450	311.168128
451	298.379083
452	303.474112
453	307.585340
454	303.752870
455	297.705756
456	316.649155
457	299.908741
458	293.007890
459	294.939577
460	287.367676
461	289.952162
462	301.243327
463	309.092196
464	303.395512
465	291.764364
466	306.815851
467	301.267506
468	315.727553
469	291.654400
470	311.717516
471	288.336145
472	299.030698
473	294.328203
474	322.110237
475	315.771514
476	299.536175
477	282.500235
478	288.856139
479	315.340838
480	308.319851
481	305.355827
482	291.868706
483	299.529742
484	294.308653
485	319.135764
486	295.891170
487	307.257676
488	295.280687
489	288.578989
490	300.965889
491	308.634133
492	314.598826
493	297.964641
494	314.212007
495	311.496232
496	277.439505
497	301.168731
498	287.712970
499	308.662274
500	301.879170
501	299.813793
502	290.608043
503	292.872841
504	296.691951
505	289.938695
506	299.156127
507	290.983182
508	312.289171
509	292.131014
510	286.309300
511	284.440620
512	290.946744
513	308.997309
514	298.605763
515	309.113037
516	305.494466
517	284.382537
518	297.736235
519	306.236303
520	293.432157
521	287.179245
522	303.803848
523	311.126240
524	294.031065
525	296.479147
526	303.750981
527	311.234767
528	304.943285
529	304.673904
530	298.817527
531	285.470303
532	303.369691
533	316.186429
534	307.712321
535	294.609312
536	294.558237
537	284.177858
538	307.061315
539	306.813283
540	311.822766
541	299.149752
542	291.484427
543	306.180081
544	312.044317
545	307.884521
546	301.795333
547	288.310553
548	320.285296
549	292.073371
550	297.799038
551	289.876952
552	307.742899
553	295.142467
554	300.489946
555	300.588015
556	301.120010
557	296.862941
558	319.914299
559	321.495850
560	279.871217
561	291.863937
562	317.519278
563	315.648932
564	299.514571
565	303.254981
566	290.975208
567	301.470853
568	285.969232
569	304.821362
570	311.036068
571	300.632077
572	300.754785
573	282.949790
574	295.194799
575	302.250977
576	297.412447
577	285.747447
578	297.413193
579	299.711759
580	280.287770
581	292.456500
582	304.573199
583	279.926341
584	309.521423
585	291.057116
586	301.691766
587	295.919741
588	304.513414
589	295.624405
590	301.070661
591	294.709918
592	302.006879
593	307.000723
594	296.137359
595	282.382712
596	312.831772
597	298.513778
598	302.892134
599	292.241725
600	303.550568
601	297.023850
602	304.115884
603	298.220767
604	292.011968
605	315.712766
606	294.716530
607	296.427674
608	282.356207
609	289.751604
610	310.774858
611	315.818575
612	300.267887
613	300.555616
614	287.967101
615	296.239517
616	312.543870
617	301.879501
618	308.229719
619	314.488544
620	300.356957
621	294.766848
622	306.495983
623	318.829515
624	294.655079
625	304.054827
626	302.937233
627	299.856625
628	290.890734
629	294.916053
630	309.237832
631	298.398353
632	288.785565
633	288.529255
634	296.527402
635	300.378380
636	294.508091
637	300.834174
638	305.506899
639	296.872384
640	307.908825
641	286.321997
642	309.132571
643	307.571228
644	301.070258
645	313.680364
646	303.407597
647	291.627531
648	293.001523
649	308.506588
650	309.223846
651	300.149936
652	297.368657
653	302.380168
654	292.565345
655	308.322224
656	299.078958
657	331.474557
658	296.704363
659	306.773688
660	280.564933
661	292.972544
662	295.898292
663	315.033103
664	292.811588
665	299.565171
666	302.307598
667	290.696955
668	310.365387
669	303.842570
670	320.519929
671	295.694214
672	308.843360
673	296.815320
674	294.515271
675	306.252614
676	302.025436
677	317.676610
678	302.112764
679	300.036959
680	288.720380
681	309.854981
682	312.493342
683	313.850931
684	309.885260
685	298.479802
686	273.390962
687	294.958033
688	316.518575
689	312.935689
690	306.752353
691	301.314160
692	297.133381
693	300.507136
694	295.306575
695	297.033763
696	305.513369
697	312.720046
698	296.116433
699	298.749405
700	296.174777
701	278.969210
702	315.581316
703	306.426481
704	301.145567
705	305.426377
706	290.642235
707	290.429140
708	296.961903
709	300.724002
710	311.977092
711	290.789129
712	291.711938
713	284.953991
714	307.013226
715	298.069860
716	312.690599
717	307.073005
718	286.224098
719	305.519597
720	282.374184
721	298.721328
722	296.633574
723	307.552372
724	297.428476
725	298.195551
726	280.529350
727	302.140027
728	296.586610
729	317.266494
730	304.182112
731	297.191095
732	296.493896
733	293.419488
734	285.139790
735	299.489729
736	317.675671
737	287.027649
738	284.884411
739	295.752084
740	304.656012
741	303.365801
742	297.415681
743	296.002794
744	287.114172
745	314.115962
746	274.307420
747	312.375540
748	288.970027
749	314.482690
750	289.156752
751	308.987910
752	291.179781
753	311.600090
754	292.185616
755	285.428981
756	291.711559
757	308.081303
758	312.531394
759	292.088417
760	304.926400
761	300.102235
762	301.570900
763	295.737278
764	302.618176
765	286.423891
766	304.254446
767	312.030466
768	313.733966
769	308.217066
770	286.735342
771	295.337607
772	279.237330
773	311.732474
774	314.067658
775	302.963541
776	307.083136
777	291.262378
778	290.506551
779	291.404728
780	309.111863
781	316.468543
782	300.317547
783	285.160490
784	303.236685
785	301.993500
786	300.048763
787	309.683390
788	298.875811
789	320.717761
790	287.695581
791	290.993659
792	302.250586
793	300.575064
794	319.768682
795	297.789622
796	302.282463
797	289.687665
798	299.809552
799	304.002569
800	311.616661
801	314.865535
802	307.983624
803	286.894124
804	289.254949
805	281.556289
806	298.111158
807	317.840361
808	309.989912
809	310.551096
810	298.787862
811	278.700154
812	285.546888
813	316.025658
814	312.037603
815	275.555837
816	293.718055
817	301.308273
818	290.712037
819	303.780169
820	298.781847
821	306.918187
822	297.117468
823	297.452329
824	300.544741
825	298.292635
826	290.327087
827	291.013686
828	295.319892
829	306.233351
830	294.447759
831	287.508767
832	299.022553
833	289.921629
834	290.562452
835	308.273363
836	321.967972
837	312.602097
838	284.559658
839	287.204837
840	285.330264
841	303.731661
842	314.484838
843	321.010055
844	305.630181
845	271.526215
846	281.815078
847	294.605632
848	316.939831
849	308.245501
850	294.173637
851	296.858477
852	288.358153
853	299.270541
854	320.951236
855	312.160190
856	292.943909
857	300.780706
858	290.581235
859	306.064790
860	312.928946
861	308.765748
862	296.034125
863	292.953797
864	292.039937
865	301.457127
866	312.424200
867	308.115623
868	280.626664
869	300.494340
870	295.539955
871	308.123813
872	295.284601
873	306.002417
874	302.190314
875	280.509353
876	301.788366
877	305.648523
878	317.361725
879	320.809308
880	298.949740
881	293.230891
882	293.633662
883	295.579381
884	296.042132
885	299.374570
886	296.160284
887	308.065503
888	306.024574
889	289.607952
890	292.671400
891	303.821800
892	292.208788
893	298.362513
894	303.417742
895	303.553179
896	303.288815
897	303.343998
898	312.602733
899	304.665070
900	286.590993
901	299.612693
902	308.210589
903	298.611409
904	295.625028
905	310.905846
906	290.796000
907	298.347701
908	309.904116
909	299.680393
910	301.394751
911	307.138343
912	298.835258
913	309.679458
914	311.935345
915	295.967322
916	283.934166
917	302.586868
918	307.623872
919	319.247709
920	299.002208
921	305.405226
922	294.085301
923	290.155692
924	280.993401
925	309.779448
926	303.661630
927	311.278146
928	312.241519
929	279.222472
930	303.412405
931	304.173123
932	310.597977
933	290.911566
934	299.739451
935	314.905870
936	304.632781
937	298.301985
938	295.035493
939	300.039281
940	308.327394
941	295.793652
942	291.001429
943	286.065443
944	294.445410
945	319.054513
946	304.812637
947	321.007407
948	303.714525
949	291.189413
950	289.204766
951	291.505134
952	305.128814
953	335.245955
954	317.655895
955	293.208665
956	297.827694
957	284.664347
958	282.335062
959	294.993551
960	299.150746
961	309.860124
962	298.168417
963	299.316773
964	286.155798
965	303.462471
966	314.463683
967	305.410396
968	293.923627
969	303.934726
970	299.661567
971	313.875305
972	308.289851
973	307.669607
974	294.685785
975	277.112411
976	285.489526
977	294.825618
978	311.851737
979	329.614747
980	289.955868
981	285.384098
982	281.466366
983	297.303656
984	316.882549
985	303.494771
986	307.854625
987	307.302750
988	297.359850
989	308.283752
990	304.726530
991	304.576394
992	301.368757
993	294.409991
994	298.683555
995	307.298141
996	307.340672
997	298.228276
998	315.490709
999	275.027550
1000	285.690034
